"V1" "V2" "V3" "V4" "V5"
"1" 861 13 255 341 265
"2" 787 13 243 312 232
"3" 112 13 33 44 35
"4" 1010 13 303 407 300
"5" 347 16 104 150 93
"6" 536 16 172 206 158
"7" 3782 16 1206 1523 1053
"8" 81 16 30 35 16
"9" 1709 20 508 715 486
"10" 1462 20 439 583 440
"11" 1646 20 477 656 513
"12" 2051 20 609 850 592
"13" 1855 20 568 737 550
"14" 1678 20 495 704 479
"15" 2459 20 756 1007 696
"16" 1684 20 514 704 466
"17" 2544 20 760 1045 739
"18" 2077 20 649 807 621
"19" 1186 20 358 483 345
"20" 1961 20 590 835 536
"21" 2567 20 753 1068 746
"22" 1556 20 475 647 434
"23" 1434 20 440 588 406
"24" 1731 20 517 700 514
"25" 1861 20 584 738 539
"26" 1603 20 470 674 459
"27" 1200 20 371 480 349
"28" 2148 20 704 859 585
"29" 894 20 284 355 255
"30" 2374 20 721 936 717
"31" 861 20 262 357 242
"32" 1606 20 516 695 395
"33" 1839 20 545 753 541
"34" 1116 20 348 423 345
"35" 2369 20 764 951 654
"36" 417 20 121 168 128
"37" 1409 20 439 588 382
"38" 1084 20 317 454 313
"39" 797 20 269 321 207
"40" 2897 20 925 1129 843
"41" 2281 20 688 903 690
"42" 1872 20 570 762 540
"43" 1630 20 490 655 485
"44" 2217 20 664 878 675
"45" 2013 20 577 826 610
"46" 2124 20 633 830 661
"47" 1844 20 564 765 515
"48" 1801 20 548 713 540
"49" 932 20 296 373 263
"50" 1824 20 549 739 536
"51" 2287 20 692 949 646
"52" 1966 20 624 780 562
"53" 371 20 105 165 101
"54" 2229 20 625 943 661
"55" 2650 20 809 1080 761
"56" 2315 20 677 988 650
"57" 855 20 265 351 239
"58" 1817 20 528 744 545
"59" 1787 20 540 680 567
"60" 1049 20 330 423 296
"61" 2323 20 717 936 670
"62" 1881 20 559 794 528
"63" 1292 20 407 505 380
"64" 2338 20 685 954 699
"65" 2870 20 913 1176 781
"66" 2111 20 625 857 629
"67" 1345 20 411 545 389
"68" 1411 20 418 562 431
"69" 1950 20 608 780 562
"70" 1498 20 467 579 452
"71" 1475 20 434 619 422
"72" 1629 20 489 670 470
"73" 1839 20 543 738 558
"74" 3471 20 1058 1447 966
"75" 663 20 201 265 197
"76" 676 20 187 275 214
"77" 2115 20 662 811 642
"78" 1568 20 472 624 472
"79" 324 20 101 121 102
"80" 2132 20 636 870 626
"81" 2214 20 684 898 632
"82" 1018 20 330 401 287
"83" 2279 20 685 911 683
"84" 273 20 84 114 75
"85" 1836 20 576 767 493
"86" 2796 20 881 1119 796
"87" 2678 20 860 1056 762
"88" 734 20 200 319 215
"89" 3863 20 1166 1606 1091
"90" 1053 20 324 422 307
"91" 1996 20 631 816 549
"92" 1680 20 525 649 506
"93" 1472 20 444 592 436
"94" 2151 20 629 897 625
"95" 852 20 241 371 240
"96" 2200 20 628 896 676
"97" 2233 20 673 912 648
"98" 2303 20 712 932 659
"99" 3554 20 1073 1459 1022
"100" 2590 20 797 1072 721
"101" 2145 20 652 899 594
"102" 2139 20 631 869 639
"103" 5372 20 1598 2215 1559
"104" 3061 20 937 1209 915
"105" 3557 20 1075 1390 1092
"106" 1716 20 505 699 512
"107" 691 20 235 272 184
"108" 1018 20 316 400 302
"109" 2509 20 805 968 736
"110" 893 20 257 370 266
"111" 1435 20 445 592 398
"112" 1173 20 339 497 337
"113" 933 20 273 363 297
"114" 3357 20 1007 1379 971
"115" 2450 20 743 1021 686
"116" 1472 20 456 595 421
"117" 2467 20 758 986 723
"118" 777 20 242 287 248
"119" 2011 20 606 829 576
"120" 2942 20 888 1197 857
"121" 1659 20 476 697 486
"122" 1056 20 319 432 305
"123" 1703 20 533 658 512
"124" 926 20 281 375 270
"125" 1472 20 477 608 387
"126" 1922 20 577 775 570
"127" 559 20 161 227 171
"128" 132 50 42 54 36
"129" 263 50 86 110 67
"130" 210 50 65 79 66
"131" 401 50 114 150 137
"132" 192 50 61 89 42
"133" 367 50 118 131 118
"134" 206 50 65 85 56
"135" 225 50 79 83 63
"136" 1847 50 519 773 555
"137" 241 50 87 95 59
"138" 684 50 211 280 193
"139" 1562 50 484 603 475
"140" 293 50 79 140 74
"141" 436 50 135 184 117
"142" 178 50 53 63 62
"143" 263 50 75 113 75
"144" 335 50 101 142 92
"145" 197 50 60 73 64
"146" 168 50 51 66 51
"147" 257 50 94 87 76
"148" 187 50 52 80 55
"149" 145 50 42 64 39
"150" 180 50 51 74 55
"151" 324 50 108 122 94
"152" 388 50 118 162 108
"153" 245 50 65 104 76
"154" 83 50 29 33 21
"155" 33 50 9 15 9
"156" 216 50 55 99 62
"157" 344 50 123 132 89
"158" 74 50 24 28 22
"159" 119 50 44 52 23
"160" 63 60 16 32 15
"161" 290 60 88 130 72
"162" 419 60 132 161 126
"163" 709 68 204 281 224
"164" 179 68 60 66 53
"165" 182 68 53 67 62
"166" 162 68 58 62 42
"167" 183 68 63 77 43
"168" 75 70 26 33 16
"169" 47 70 16 16 15
"170" 298 70 88 127 83
"171" 1688 70 472 703 513
"172" 306 70 80 138 88
"173" 121 70 38 56 27
"174" 162 70 48 65 49
"175" 555 70 171 231 153
"176" 1504 90 447 634 423
"177" 1862 90 542 765 555
"178" 622 90 194 258 170
"179" 1668 90 518 678 472
"180" 2515 90 742 1032 741
"181" 83 90 21 30 32
"182" 1117 90 324 466 327
"183" 2306 90 687 920 699
"184" 2285 90 678 968 639
"185" 1555 90 490 635 430
"186" 2085 90 628 810 647
"187" 5201 90 1605 2098 1498
"188" 2407 90 734 963 710
"189" 846 90 237 358 251
"190" 965 90 279 382 304
"191" 545 90 165 211 169
"192" 2402 90 747 963 692
"193" 1327 90 403 550 374
"194" 1939 90 610 769 560
"195" 1047 90 331 411 305
"196" 2004 90 607 852 545
"197" 2171 90 636 886 649
"198" 1388 90 412 608 368
"199" 1223 90 351 519 353
"200" 1054 90 306 453 295
"201" 1907 90 561 776 570
"202" 1067 90 330 449 288
"203" 1171 90 347 494 330
"204" 1739 90 530 698 511
"205" 3296 90 984 1352 960
"206" 3185 90 955 1318 912
"207" 1158 90 327 484 347
"208" 2818 90 875 1126 817
"209" 1459 90 426 599 434
"210" 1330 90 423 554 353
"211" 405 90 129 149 127
"212" 666 90 194 256 216
"213" 2315 90 685 960 670
"214" 1530 90 503 595 432
"215" 3745 90 1131 1501 1113
"216" 2668 90 778 1117 773
"217" 1632 100 468 692 472
"218" 377 100 109 163 105
"219" 81 105 29 28 24
"220" 119 105 41 47 31
"221" 166 105 46 68 52
"222" 361 105 117 142 102
"223" 363 105 120 130 113
"224" 636 105 187 280 169
"225" 1219 110 388 473 358
"226" 2490 110 732 1020 738
"227" 1817 110 538 743 536
"228" 1891 110 552 765 574
"229" 1338 110 408 570 360
"230" 2276 110 704 919 653
"231" 1118 110 329 436 353
"232" 2103 110 624 877 602
"233" 1266 110 358 529 379
"234" 1307 110 417 518 372
"235" 940 110 245 397 298
"236" 986 110 294 412 280
"237" 862 110 252 351 259
"238" 1099 110 317 458 324
"239" 1531 110 492 610 429
"240" 1696 110 490 703 503
"241" 2561 122 742 1070 749
"242" 1193 122 392 457 344
"243" 2129 122 638 870 621
"244" 1700 122 487 709 504
"245" 1765 122 558 706 501
"246" 1620 122 525 632 463
"247" 3691 122 1080 1535 1076
"248" 3072 122 945 1211 916
"249" 1633 122 502 665 466
"250" 1375 122 412 562 401
"251" 2482 122 772 1009 701
"252" 1750 122 526 725 499
"253" 279 122 90 108 81
"254" 178 122 62 78 38
"255" 2295 122 708 912 675
"256" 297 122 96 123 78
"257" 2164 122 665 849 650
"258" 1741 122 512 709 520
"259" 1514 122 480 616 418
"260" 942 122 277 391 274
"261" 1080 122 328 442 310
"262" 350 122 93 142 115
"263" 1372 122 408 549 415
"264" 1585 122 440 656 489
"265" 3202 122 937 1333 932
"266" 319 122 106 136 77
"267" 2 130 1 0 1
"268" 3 130 1 0 2
"269" 1617 130 480 652 485
"270" 2321 130 715 942 664
"271" 321 130 94 128 99
"272" 2185 130 708 828 649
"273" 810 130 257 326 227
"274" 1497 130 496 584 417
"275" 1494 130 448 613 433
"276" 153 150 48 64 41
"277" 2204 150 680 891 633
"278" 2270 150 674 961 635
"279" 3072 150 931 1258 883
"280" 108 150 36 36 36
"281" 170 150 49 75 46
"282" 234 150 71 100 63
"283" 1356 150 407 542 407
"284" 131 150 41 60 30
"285" 67 164 19 31 17
"286" 31 164 13 10 8
"287" 156 164 45 69 42
"288" 193 164 58 81 54
"289" 218 164 71 86 61
"290" 55 164 19 18 18
"291" 155 164 55 56 44
"292" 264 164 79 102 83
"293" 1322 170 402 540 380
"294" 850 170 261 340 249
"295" 2125 170 625 901 599
"296" 2017 170 598 817 602
"297" 1148 170 363 449 336
"298" 2146 170 662 896 588
"299" 1502 170 448 635 419
"300" 1766 170 522 732 512
"301" 3962 170 1203 1631 1128
"302" 732 170 246 284 202
"303" 2940 170 937 1167 836
"304" 658 170 204 253 201
"305" 2837 170 894 1098 845
"306" 1359 170 425 517 417
"307" 945 170 317 375 253
"308" 463 170 145 185 133
"309" 1385 170 408 546 431
"310" 2549 170 776 1001 772
"311" 850 170 274 323 253
"312" 1431 170 436 588 407
"313" 1665 170 488 688 489
"314" 2075 170 626 840 609
"315" 877 170 250 375 252
"316" 266 170 84 108 74
"317" 1874 170 591 743 540
"318" 1910 170 582 791 537
"319" 2501 170 778 1006 717
"320" 2823 170 848 1160 815
"321" 5910 170 1775 2400 1735
"322" 2145 170 663 867 615
"323" 852 170 268 342 242
"324" 2704 170 793 1135 776
"325" 2622 170 776 1064 782
"326" 2065 170 662 809 594
"327" 232 180 68 90 74
"328" 315 180 93 135 87
"329" 482 180 147 190 145
"330" 1526 180 451 614 461
"331" 1169 180 390 424 355
"332" 123 180 38 54 31
"333" 414 180 124 163 127
"334" 453 180 130 189 134
"335" 188 180 59 75 54
"336" 92 180 25 42 25
"337" 201 180 56 74 71
"338" 150 180 38 68 44
"339" 97 180 29 35 33
"340" 223 180 57 94 72
"341" 332 180 106 131 95
"342" 168 180 51 69 48
"343" 68 180 20 23 25
"344" 440 185 142 159 139
"345" 131 185 35 58 38
"346" 1018 185 293 432 293
"347" 1810 185 541 731 538
"348" 369 185 126 151 92
"349" 142 185 39 61 42
"350" 171 185 49 65 57
"351" 382 185 119 146 117
"352" 2716 185 791 1135 790
"353" 307 188 91 120 96
"354" 164 188 50 60 54
"355" 397 188 115 152 130
"356" 476 188 153 188 135
"357" 86 188 28 31 27
"358" 236 188 71 97 68
"359" 232 188 76 93 63
"360" 558 188 163 230 165
"361" 2165 188 661 868 636
"362" 155 188 45 69 41
"363" 92 188 24 44 24
"364" 10 195 2 6 2
"365" 2446 195 769 964 713
"366" 38 195 13 12 13
"367" 430 195 130 177 123
"368" 357 198 112 138 107
"369" 77 198 21 34 22
"370" 1039 198 302 458 279
"371" 512 198 166 195 151
"372" 40 198 8 21 11
"373" 862 198 291 349 222
"374" 1101 198 324 460 317
"375" 147 198 52 62 33
"376" 2210 220 678 897 635
"377" 1475 220 414 625 436
"378" 1907 220 553 810 544
"379" 1199 220 370 508 321
"380" 816 230 248 311 257
"381" 1315 240 400 550 365
"382" 118 240 47 45 26
"383" 89 240 30 43 16
"384" 972 240 301 404 267
"385" 214 240 64 92 58
"386" 112 240 32 48 32
"387" 156 240 47 65 44
"388" 1 240 0 1 0
"389" 686 240 218 273 195
"390" 1517 240 452 633 432
"391" 88 261 27 39 22
"392" 577 261 183 220 174
"393" 397 261 125 165 107
"394" 796 261 236 334 226
"395" 974 261 297 386 291
"396" 1246 261 378 508 360
"397" 187 261 51 82 54
"398" 685 261 206 284 195
"399" 279 261 91 109 79
"400" 203 261 54 79 70
"401" 1717 261 464 689 564
"402" 139 261 40 60 39
"403" 68 270 18 28 22
"404" 338 270 105 125 108
"405" 653 270 183 268 202
"406" 532 270 143 237 152
"407" 237 270 71 94 72
"408" 110 270 29 53 28
"409" 378 270 117 161 100
"410" 478 270 159 189 130
"411" 333 270 104 132 97
"412" 492 270 155 202 135
"413" 196 270 58 82 56
"414" 231 270 72 88 71
"415" 312 270 88 136 88
"416" 7 275 1 6 0
"417" 27 275 7 10 10
"418" 1815 275 555 728 532
"419" 500 282 159 200 141
"420" 40 290 15 11 14
"421" 70 290 26 25 19
"422" 127 290 43 47 37
"423" 61 290 24 19 18
"424" 137 290 38 56 43
"425" 71 290 21 25 25
"426" 195 290 65 76 54
"427" 337 290 112 127 98
"428" 115 290 33 54 28
"429" 65 290 25 20 20
"430" 75 290 21 35 19
"431" 63 290 24 21 18
"432" 122 290 36 49 37
"433" 125 290 33 61 31
"434" 111 290 35 46 30
"435" 493 290 153 194 146
"436" 117 290 37 49 31
"437" 59 290 16 20 23
"438" 55 290 15 22 18
"439" 123 290 34 52 37
"440" 166 290 51 59 56
"441" 10 290 6 3 1
"442" 146 290 52 56 38
"443" 60 290 18 28 14
"444" 508 290 157 218 133
"445" 113 290 40 48 25
"446" 189 290 66 74 49
"447" 283 290 82 118 83
