"V1" "V2" "V3" "V4" "V5"
"1" 861 13 740 77 43
"2" 787 13 677 63 46
"3" 112 13 97 8 6
"4" 1010 13 871 78 60
"5" 347 16 301 28 17
"6" 536 16 461 41 32
"7" 3782 16 3263 294 224
"8" 81 16 69 6 4
"9" 1709 20 1466 136 106
"10" 1462 20 1256 116 88
"11" 1646 20 1415 132 98
"12" 2051 20 1760 172 118
"13" 1855 20 1593 147 114
"14" 1678 20 1447 133 97
"15" 2459 20 2120 195 142
"16" 1684 20 1449 136 97
"17" 2544 20 2199 193 151
"18" 2077 20 1781 171 124
"19" 1186 20 1019 91 75
"20" 1961 20 1685 163 112
"21" 2567 20 2216 204 146
"22" 1556 20 1337 127 91
"23" 1434 20 1233 121 79
"24" 1731 20 1497 135 98
"25" 1861 20 1601 152 106
"26" 1603 20 1385 123 93
"27" 1200 20 1029 98 72
"28" 2148 20 1846 167 134
"29" 894 20 771 67 55
"30" 2374 20 2038 201 134
"31" 861 20 741 70 49
"32" 1606 20 1384 127 93
"33" 1839 20 1582 147 108
"34" 1116 20 961 89 65
"35" 2369 20 2029 199 140
"36" 417 20 357 35 24
"37" 1409 20 1208 116 84
"38" 1084 20 932 90 61
"39" 797 20 687 64 46
"40" 2897 20 2497 233 166
"41" 2281 20 1962 178 139
"42" 1872 20 1613 148 109
"43" 1630 20 1404 128 96
"44" 2217 20 1916 170 130
"45" 2013 20 1730 164 118
"46" 2124 20 1833 172 118
"47" 1844 20 1582 153 107
"48" 1801 20 1546 143 111
"49" 932 20 800 81 50
"50" 1824 20 1577 145 101
"51" 2287 20 1967 191 128
"52" 1966 20 1692 153 120
"53" 371 20 321 29 19
"54" 2229 20 1914 185 129
"55" 2650 20 2287 209 153
"56" 2315 20 1990 196 128
"57" 855 20 736 68 50
"58" 1817 20 1560 152 103
"59" 1787 20 1542 144 100
"60" 1049 20 905 86 57
"61" 2323 20 2000 189 133
"62" 1881 20 1613 151 116
"63" 1292 20 1109 109 73
"64" 2338 20 2013 191 133
"65" 2870 20 2468 230 171
"66" 2111 20 1823 165 122
"67" 1345 20 1157 109 78
"68" 1411 20 1217 109 83
"69" 1950 20 1679 148 122
"70" 1498 20 1289 121 86
"71" 1475 20 1274 112 88
"72" 1629 20 1405 134 89
"73" 1839 20 1591 151 96
"74" 3471 20 2989 280 201
"75" 663 20 570 54 38
"76" 676 20 584 53 38
"77" 2115 20 1817 175 121
"78" 1568 20 1350 135 81
"79" 324 20 276 29 18
"80" 2132 20 1838 170 123
"81" 2214 20 1907 179 127
"82" 1018 20 875 82 60
"83" 2279 20 1957 189 132
"84" 273 20 235 23 14
"85" 1836 20 1584 148 102
"86" 2796 20 2398 234 163
"87" 2678 20 2302 216 159
"88" 734 20 630 58 44
"89" 3863 20 3324 327 211
"90" 1053 20 902 90 60
"91" 1996 20 1722 157 115
"92" 1680 20 1444 138 97
"93" 1472 20 1266 118 87
"94" 2151 20 1845 173 132
"95" 852 20 731 68 52
"96" 2200 20 1888 192 119
"97" 2233 20 1924 181 126
"98" 2303 20 1983 188 131
"99" 3554 20 3059 292 202
"100" 2590 20 2230 212 147
"101" 2145 20 1846 177 120
"102" 2139 20 1841 173 124
"103" 5372 20 4629 424 318
"104" 3061 20 2629 260 170
"105" 3557 20 3057 300 199
"106" 1716 20 1476 142 96
"107" 691 20 593 58 38
"108" 1018 20 874 85 57
"109" 2509 20 2157 207 144
"110" 893 20 770 73 49
"111" 1435 20 1235 114 85
"112" 1173 20 1004 98 70
"113" 933 20 807 75 50
"114" 3357 20 2888 280 187
"115" 2450 20 2103 196 150
"116" 1472 20 1268 118 85
"117" 2467 20 2116 203 147
"118" 777 20 671 59 46
"119" 2011 20 1725 165 120
"120" 2942 20 2536 236 169
"121" 1659 20 1432 133 93
"122" 1056 20 906 87 62
"123" 1703 20 1470 134 97
"124" 926 20 806 69 49
"125" 1472 20 1266 122 83
"126" 1922 20 1650 155 116
"127" 559 20 478 44 36
"128" 132 50 113 9 8
"129" 263 50 226 21 14
"130" 210 50 180 17 12
"131" 401 50 347 33 20
"132" 192 50 165 15 11
"133" 367 50 318 30 18
"134" 206 50 178 15 12
"135" 225 50 193 18 13
"136" 1847 50 1595 143 108
"137" 241 50 205 20 15
"138" 684 50 587 58 38
"139" 1562 50 1340 127 93
"140" 293 50 253 22 17
"141" 436 50 374 36 25
"142" 178 50 151 16 10
"143" 263 50 226 21 14
"144" 335 50 289 24 21
"145" 197 50 168 16 11
"146" 168 50 144 11 12
"147" 257 50 223 20 14
"148" 187 50 161 14 11
"149" 145 50 126 12 6
"150" 180 50 153 15 11
"151" 324 50 280 25 18
"152" 388 50 328 35 24
"153" 245 50 210 18 16
"154" 83 50 71 6 5
"155" 33 50 28 2 2
"156" 216 50 185 19 11
"157" 344 50 296 29 17
"158" 74 50 65 5 3
"159" 119 50 102 10 6
"160" 63 60 54 5 3
"161" 290 60 248 23 18
"162" 419 60 365 32 21
"163" 709 68 609 58 41
"164" 179 68 152 13 12
"165" 182 68 156 12 13
"166" 162 68 137 14 10
"167" 183 68 155 16 11
"168" 75 70 65 4 5
"169" 47 70 41 3 2
"170" 298 70 255 23 18
"171" 1688 70 1450 136 101
"172" 306 70 262 27 16
"173" 121 70 104 10 7
"174" 162 70 139 11 11
"175" 555 70 477 46 31
"176" 1504 90 1292 123 88
"177" 1862 90 1599 145 116
"178" 622 90 537 49 35
"179" 1668 90 1437 137 93
"180" 2515 90 2168 201 144
"181" 83 90 71 6 4
"182" 1117 90 962 87 67
"183" 2306 90 1984 185 136
"184" 2285 90 1972 176 136
"185" 1555 90 1332 129 93
"186" 2085 90 1796 167 121
"187" 5201 90 4481 421 297
"188" 2407 90 2072 195 139
"189" 846 90 729 68 48
"190" 965 90 833 80 51
"191" 545 90 470 44 29
"192" 2402 90 2063 194 144
"193" 1327 90 1138 109 78
"194" 1939 90 1666 162 110
"195" 1047 90 904 80 62
"196" 2004 90 1725 160 117
"197" 2171 90 1866 179 124
"198" 1388 90 1195 110 81
"199" 1223 90 1057 93 72
"200" 1054 90 903 89 60
"201" 1907 90 1640 153 113
"202" 1067 90 920 82 63
"203" 1171 90 1006 98 66
"204" 1739 90 1503 136 98
"205" 3296 90 2836 268 191
"206" 3185 90 2741 256 187
"207" 1158 90 996 98 62
"208" 2818 90 2424 229 164
"209" 1459 90 1258 116 83
"210" 1330 90 1139 112 78
"211" 405 90 348 31 24
"212" 666 90 572 54 39
"213" 2315 90 1987 186 141
"214" 1530 90 1319 124 86
"215" 3745 90 3226 313 204
"216" 2668 90 2296 213 158
"217" 1632 100 1404 128 98
"218" 377 100 323 28 24
"219" 81 105 69 5 6
"220" 119 105 102 9 7
"221" 166 105 142 14 9
"222" 361 105 309 30 21
"223" 363 105 310 31 20
"224" 636 105 543 57 35
"225" 1219 110 1053 90 74
"226" 2490 110 2140 201 147
"227" 1817 110 1568 142 105
"228" 1891 110 1625 157 108
"229" 1338 110 1146 112 79
"230" 2276 110 1952 190 132
"231" 1118 110 963 88 67
"232" 2103 110 1812 171 119
"233" 1266 110 1088 102 75
"234" 1307 110 1125 107 74
"235" 940 110 810 77 51
"236" 986 110 852 76 57
"237" 862 110 742 72 47
"238" 1099 110 950 86 62
"239" 1531 110 1316 122 92
"240" 1696 110 1458 136 101
"241" 2561 122 2200 207 152
"242" 1193 122 1025 95 72
"243" 2129 122 1823 172 133
"244" 1700 122 1455 143 101
"245" 1765 122 1526 138 100
"246" 1620 122 1395 126 98
"247" 3691 122 3179 293 218
"248" 3072 122 2642 246 183
"249" 1633 122 1407 125 100
"250" 1375 122 1179 112 83
"251" 2482 122 2134 199 148
"252" 1750 122 1506 142 100
"253" 279 122 238 23 17
"254" 178 122 151 13 13
"255" 2295 122 1973 194 127
"256" 297 122 256 25 15
"257" 2164 122 1861 179 123
"258" 1741 122 1503 139 98
"259" 1514 122 1307 127 79
"260" 942 122 807 79 55
"261" 1080 122 933 84 61
"262" 350 122 299 29 21
"263" 1372 122 1177 112 81
"264" 1585 122 1372 121 90
"265" 3202 122 2750 255 196
"266" 319 122 276 24 18
"267" 2 130 1 0 0
"268" 3 130 2 0 0
"269" 1617 130 1390 133 92
"270" 2321 130 1995 187 138
"271" 321 130 273 29 18
"272" 2185 130 1882 175 127
"273" 810 130 697 63 49
"274" 1497 130 1288 123 85
"275" 1494 130 1284 122 87
"276" 153 150 130 13 9
"277" 2204 150 1894 177 131
"278" 2270 150 1969 180 120
"279" 3072 150 2641 251 178
"280" 108 150 92 8 7
"281" 170 150 144 13 11
"282" 234 150 203 18 12
"283" 1356 150 1166 109 80
"284" 131 150 111 13 6
"285" 67 164 58 5 3
"286" 31 164 27 1 2
"287" 156 164 136 11 9
"288" 193 164 167 15 10
"289" 218 164 188 19 9
"290" 55 164 46 4 3
"291" 155 164 134 13 7
"292" 264 164 230 19 14
"293" 1322 170 1140 104 77
"294" 850 170 730 72 46
"295" 2125 170 1826 173 125
"296" 2017 170 1733 168 114
"297" 1148 170 988 92 67
"298" 2146 170 1850 172 124
"299" 1502 170 1293 123 85
"300" 1766 170 1507 155 103
"301" 3962 170 3404 333 223
"302" 732 170 629 61 41
"303" 2940 170 2532 229 177
"304" 658 170 567 56 33
"305" 2837 170 2441 225 170
"306" 1359 170 1176 104 77
"307" 945 170 818 75 50
"308" 463 170 398 36 29
"309" 1385 170 1191 111 82
"310" 2549 170 2191 212 145
"311" 850 170 728 69 52
"312" 1431 170 1232 113 85
"313" 1665 170 1440 130 94
"314" 2075 170 1791 168 115
"315" 877 170 755 71 50
"316" 266 170 227 24 14
"317" 1874 170 1610 157 107
"318" 1910 170 1639 157 113
"319" 2501 170 2164 191 145
"320" 2823 170 2422 234 166
"321" 5910 170 5093 482 333
"322" 2145 170 1842 170 132
"323" 852 170 735 69 47
"324" 2704 170 2329 216 157
"325" 2622 170 2256 207 158
"326" 2065 170 1781 166 117
"327" 232 180 198 20 13
"328" 315 180 272 26 16
"329" 482 180 414 38 28
"330" 1526 180 1315 123 87
"331" 1169 180 1001 99 68
"332" 123 180 107 8 7
"333" 414 180 354 37 22
"334" 453 180 390 36 25
"335" 188 180 162 15 10
"336" 92 180 78 7 5
"337" 201 180 170 17 13
"338" 150 180 130 12 7
"339" 97 180 83 7 6
"340" 223 180 191 18 13
"341" 332 180 286 26 19
"342" 168 180 142 13 11
"343" 68 180 58 7 2
"344" 440 185 379 32 27
"345" 131 185 111 10 8
"346" 1018 185 876 81 60
"347" 1810 185 1553 145 111
"348" 369 185 318 31 19
"349" 142 185 121 11 8
"350" 171 185 145 16 9
"351" 382 185 326 34 21
"352" 2716 185 2340 220 155
"353" 307 188 264 22 20
"354" 164 188 140 11 12
"355" 397 188 339 32 24
"356" 476 188 412 36 27
"357" 86 188 74 6 5
"358" 236 188 203 19 13
"359" 232 188 199 19 13
"360" 558 188 483 42 32
"361" 2165 188 1865 177 122
"362" 155 188 132 12 10
"363" 92 188 78 8 5
"364" 10 195 9 0 0
"365" 2446 195 2098 203 144
"366" 38 195 32 3 2
"367" 430 195 370 36 23
"368" 357 198 307 28 21
"369" 77 198 67 6 3
"370" 1039 198 899 84 55
"371" 512 198 441 40 30
"372" 40 198 34 3 2
"373" 862 198 742 68 51
"374" 1101 198 945 87 68
"375" 147 198 127 11 7
"376" 2210 220 1902 188 118
"377" 1475 220 1272 113 88
"378" 1907 220 1642 151 112
"379" 1199 220 1030 99 69
"380" 816 230 701 67 47
"381" 1315 240 1137 105 72
"382" 118 240 102 9 6
"383" 89 240 76 8 4
"384" 972 240 838 78 55
"385" 214 240 185 18 10
"386" 112 240 96 9 5
"387" 156 240 135 9 11
"388" 1 240 0 0 0
"389" 686 240 591 55 39
"390" 1517 240 1307 120 89
"391" 88 261 75 5 7
"392" 577 261 497 44 35
"393" 397 261 342 29 25
"394" 796 261 680 69 45
"395" 974 261 840 75 58
"396" 1246 261 1071 103 70
"397" 187 261 162 15 9
"398" 685 261 586 56 42
"399" 279 261 240 22 16
"400" 203 261 174 17 11
"401" 1717 261 1481 141 94
"402" 139 261 118 11 9
"403" 68 270 58 6 3
"404" 338 270 288 27 21
"405" 653 270 558 57 37
"406" 532 270 457 40 34
"407" 237 270 203 20 13
"408" 110 270 95 8 6
"409" 378 270 325 29 23
"410" 478 270 410 39 27
"411" 333 270 285 26 21
"412" 492 270 425 41 25
"413" 196 270 169 15 10
"414" 231 270 200 17 13
"415" 312 270 266 25 20
"416" 7 275 6 0 0
"417" 27 275 23 2 1
"418" 1815 275 1567 143 103
"419" 500 282 429 41 29
"420" 40 290 33 3 4
"421" 70 290 60 5 3
"422" 127 290 108 10 8
"423" 61 290 51 4 5
"424" 137 290 118 10 7
"425" 71 290 60 5 5
"426" 195 290 167 15 11
"427" 337 290 291 25 19
"428" 115 290 98 9 7
"429" 65 290 55 4 4
"430" 75 290 64 6 4
"431" 63 290 54 4 3
"432" 122 290 104 11 5
"433" 125 290 107 10 7
"434" 111 290 95 8 7
"435" 493 290 420 46 26
"436" 117 290 102 8 6
"437" 59 290 49 5 4
"438" 55 290 47 4 3
"439" 123 290 105 8 9
"440" 166 290 142 12 11
"441" 10 290 8 1 1
"442" 146 290 126 12 7
"443" 60 290 51 5 3
"444" 508 290 434 39 35
"445" 113 290 98 9 5
"446" 189 290 160 14 13
"447" 283 290 244 23 15
